Results of BM25 parameter tuning:
	Weight scheme used: [0.8999999999999999, 0.45977588850694745, 0.374804744409855]
	k1: 1.056585625223785
	b: 0.356146886837626
	Score: 0.4613
