Results of BM25 parameter tuning:
	Weight scheme used: [0.8499999999999999, 0.49221561361055544, 0.09215526525106435, 0.3765483093755031, 0.2984737277649953]
	k1: 0.9
	b: 0.4
	Score: 0.457
