Results of BM25 parameter tuning:
	Weight scheme used: [0.8999999999999999, 0.6029540597916145, 0.22360925977489698, 0.3153208890064264, 0.15708965102184747]
	k1: 1.0023410174269356
	b: 0.3216806117531235
	Score: 0.4588
